6.6743e-11 1000 100
230
766 115
0 0
954
57 862
0 0
256
354 910
0 0
265
309 83
0 0
98
820 834
0 0
906
75 728
0 0
724
171 298
0 0
916
373 495
0 0
131
892 401
0 0
351
159 874
0 0
501
676 29
0 0
407
912 812
0 0
928
980 37
0 0
759
930 223
0 0
309
144 771
0 0
417
102 102
0 0
481
254 535
0 0
464
384 986
0 0
48
942 158
0 0
488
635 444
0 0
508
94 85
0 0
424
177 555
0 0
355
615 210
0 0
64
256 274
0 0
503
894 463
0 0
285
393 34
0 0
558
354 59
0 0
933
695 710
0 0
95
767 290
0 0
630
167 387
0 0
979
876 399
0 0
323
478 879
0 0
848
556 622
0 0
479
3 710
0 0
560
538 870
0 0
160
738 474
0 0
156
592 864
0 0
959
354 32
0 0
224
214 664
0 0
663
374 832
0 0
498
212 179
0 0
318
26 459
0 0
857
765 272
0 0
814
377 901
0 0
352
827 947
0 0
68
966 374
0 0
626
920 788
0 0
877
960 571
0 0
670
783 438
0 0
941
402 118
0 0
97
612 241
0 0
903
961 660
0 0
250
5 494
0 0
565
416 633
0 0
101
331 951
0 0
28
342 588
0 0
260
316 25
0 0
267
777 606
0 0
975
447 350
0 0
53
128 511
0 0
146
433 57
0 0
229
836 9
0 0
761
136 750
0 0
811
872 696
0 0
845
598 189
0 0
497
647 698
0 0
452
770 237
0 0
392
798 829
0 0
627
208 836
0 0
531
216 679
0 0
326
130 168
0 0
90
913 234
0 0
994
845 865
0 0
346
670 750
0 0
558
958 742
0 0
602
162 2
0 0
721
474 985
0 0
190
844 130
0 0
980
780 140
0 0
838
650 100
0 0
366
201 747
0 0
723
895 261
0 0
56
688 906
0 0
53
362 932
0 0
472
114 334
0 0
824
52 411
0 0
71
263 126
0 0
294
194 29
0 0
290
167 188
0 0
799
27 885
0 0
161
924 591
0 0
836
722 59
0 0
480
57 917
0 0
384
238 17
0 0
905
372 839
0 0
72
925 47
0 0
943
409 192
0 0
933
906 755
0 0
868
53 326
0 0
981
83 132
0 0
948
776 471
0 0
800
739 999
0 0
570
118 949
0 0
132
965 369
0 0
661
819 743
0 0
178
325 276
0 0
384
456 196
0 0
862
594 36
0 0
217
975 451
0 0
97
709 976
0 0
557
769 588
0 0
524
283 669
0 0
814
620 978
0 0
866
638 956
0 0
321
852 136
0 0
689
927 697
0 0
191
585 377
0 0
401
503 97
0 0
363
78 20
0 0
475
102 395
0 0
121
725 163
0 0
391
657 857
0 0
272
267 894
0 0
549
384 448
0 0
110
137 161
0 0
258
93 12
0 0
501
905 667
0 0
239
916 147
0 0
893
887 29
0 0
815
626 345
0 0
938
483 293
0 0
524
633 617
0 0
669
724 430
0 0
228
211 89
0 0
666
909 863
0 0
728
177 472
0 0
425
459 253
0 0
180
508 427
0 0
653
15 650
0 0
806
76 633
0 0
110
167 648
0 0
319
736 907
0 0
61
705 528
0 0
554
794 205
0 0
233
772 579
0 0
323
346 696
0 0
895
350 282
0 0
901
769 156
0 0
147
602 464
0 0
617
90 915
0 0
918
551 9
0 0
76
7 966
0 0
288
882 819
0 0
847
451 875
0 0
821
519 15
0 0
912
301 935
0 0
921
667 633
0 0
997
608 341
0 0
379
503 978
0 0
759
87 497
0 0
461
424 680
0 0
266
282 295
0 0
359
261 755
0 0
699
152 507
0 0
421
254 988
0 0
384
970 382
0 0
659
211 791
0 0
543
413 40
0 0
529
178 684
0 0
534
435 997
0 0
943
291 691
0 0
241
368 234
0 0
272
890 743
0 0
337
140 689
0 0
623
255 988
0 0
394
928 294
0 0
544
423 75
0 0
156
257 136
0 0
904
363 876
0 0
618
822 91
0 0
594
535 230
0 0
39
132 824
0 0
179
205 139
0 0
147
937 551
0 0
53
392 613
0 0
965
596 757
0 0
838
639 413
0 0
373
485 268
0 0
638
129 260
0 0
86
794 327
0 0
801
635 792
0 0
45
174 871
0 0
439
950 727
0 0
541
711 0
0 0
491
788 520
0 0
122
307 862
0 0
383
450 487
0 0
812
59 364
0 0
504
185 118
0 0
675
640 261
0 0
767
868 328
0 0
813
260 552
0 0
301
304 792
0 0
800
692 365
0 0
595
87 560
0 0
241
933 88
0 0
717
600 987
0 0
688
180 643
0 0
978
221 587
0 0
825
756 23
0 0
725
282 303
0 0
594
691 818
0 0
414
792 507
0 0
801
836 221
0 0
593
788 877
0 0
894
292 464
0 0
432
503 76
0 0
573
201 515
0 0
595
93 686
0 0
402
748 554
0 0
2
46 893
0 0
501
321 791
0 0
95
672 286
0 0
321
420 850
0 0
301
399 983
0 0
237
904 109
0 0
872
805 312
0 0
419
561 387
0 0
227
175 88
0 0
238
465 280
0 0
756
586 779
0 0
899
998 89
0 0
929
113 763
0 0
335
18 555
0 0
921
212 347
0 0
5
160 573
0 0
135
556 963
0 0
852
708 587
0 0
753
586 770
0 0
897
426 670
0 0
638
309 503
0 0
400
126 173
0 0
868
731 994
0 0
148
526 811
0 0
248
340 595
0 0
68
229 125
0 0
619
336 568
0 0
17
673 301
0 0
281
655 693
0 0
514
334 175
0 0
860
46 119
0 0
703
867 394
0 0
128
697 359
0 0
525
634 316
0 0
293
427 30
0 0
872
853 93
0 0
227
753 895
0 0
479
305 604
0 0
141
110 160
0 0
915
432 942
0 0
952
225 838
0 0
633
74 277
0 0
972
38 95
0 0
386
568 873
0 0
467
376 302
0 0
105
24 710
0 0
828
68 616
0 0
390
744 639
0 0
500
751 976
0 0
947
627 564
0 0
857
950 374
0 0
417
603 77
0 0
535
791 169
0 0
927
35 159
0 0
88
425 451
0 0
359
850 326
0 0
953
947 384
0 0
111
29 467
0 0
819
53 886
0 0
368
174 562
0 0
909
554 368
0 0
359
681 374
0 0
955
34 261
0 0
990
876 930
0 0
304
91 440
0 0
909
750 232
0 0
279
724 167
0 0
250
644 461
0 0
361
654 680
0 0
156
436 475
0 0
236
292 884
0 0
944
575 86
0 0
414
370 514
0 0
253
492 653
0 0
64
5 899
0 0
508
418 369
0 0
996
183 423
0 0
506
816 392
0 0
79
234 1
0 0
973
531 248
0 0
572
231 36
0 0
535
27 834
0 0
955
224 465
0 0
451
657 76
0 0
674
475 394
0 0
182
415 149
0 0
579
23 527
0 0
60
139 104
0 0
791
383 364
0 0
902
332 492
0 0
2
123 640
0 0
596
995 532
0 0
431
586 552
0 0
843
766 390
0 0
6
424 280
0 0
567
186 370
0 0
403
257 194
0 0
225
293 200
0 0
4
881 453
0 0
672
190 994
0 0
511
817 986
0 0
648
81 974
0 0
795
80 948
0 0
156
8 699
0 0
403
12 641
0 0
781
861 708
0 0
528
769 131
0 0
975
984 667
0 0
854
765 238
0 0
457
531 709
0 0
224
9 873
0 0
180
83 721
0 0
990
305 931
0 0
856
677 258
0 0
719
184 563
0 0
875
478 867
0 0
747
736 127
0 0
295
190 248
0 0
94
705 125
0 0
580
413 885
0 0
796
8 789
0 0
74
564 702
0 0
912
469 322
0 0
275
89 79
0 0
844
718 977
0 0
791
779 570
0 0
293
987 814
0 0
130
559 820
0 0
240
730 126
0 0
956
279 716
0 0
310
806 291
0 0
451
5 790
0 0
646
109 366
0 0
606
80 599
0 0
204
261 454
0 0
777
852 216
0 0
676
524 768
0 0
23
935 319
0 0
788
861 61
0 0
298
17 582
0 0
957
404 242
0 0
305
719 148
0 0
90
444 761
0 0
810
209 412
0 0
217
60 126
0 0
824
138 923
0 0
326
487 68
0 0
562
344 641
0 0
282
366 294
0 0
306
606 412
0 0
632
461 672
0 0
484
587 421
0 0
543
339 745
0 0
993
790 351
0 0
247
559 274
0 0
373
101 409
0 0
513
251 598
0 0
243
31 568
0 0
304
440 715
0 0
738
162 583
0 0
631
411 584
0 0
469
187 307
0 0
956
776 668
0 0
25
928 257
0 0
916
294 941
0 0
584
250 114
0 0
287
374 972
0 0
701
206 398
0 0
293
122 757
0 0
600
618 459
0 0
493
982 363
0 0
983
214 631
0 0
707
542 615
0 0
750
674 402
0 0
810
771 667
0 0
708
229 576
0 0
769
664 795
0 0
16
167 966
0 0
335
62 701
0 0
614
274 644
0 0
0
930 662
0 0
474
201 143
0 0
55
682 170
0 0
21
545 211
0 0
440
575 658
0 0
682
54 917
0 0
25
127 966
0 0
829
173 807
0 0
287
624 973
0 0
960
409 213
0 0
420
417 424
0 0
586
251 765
0 0
777
262 773
0 0
730
116 138
0 0
731
146 490
0 0
147
714 796
0 0
832
699 217
0 0
851
867 603
0 0
483
123 942
0 0
660
169 168
0 0
609
461 562
0 0
141
967 850
0 0
479
757 300
0 0
906
742 5
0 0
325
557 51
0 0
244
751 420
0 0
20
783 819
0 0
413
376 714
0 0
68
245 678
0 0
897
703 934
0 0
470
717 703
0 0
666
559 800
0 0
172
355 812
0 0
231
647 581
0 0
395
508 381
0 0
686
302 183
0 0
401
804 137
0 0
611
907 420
0 0
213
739 299
0 0
5
992 964
0 0
138
624 604
0 0
749
55 196
0 0
545
357 722
0 0
658
925 956
0 0
211
26 691
0 0
447
174 717
0 0
225
787 22
0 0
352
172 283
0 0
900
913 866
0 0
54
81 705
0 0
304
767 130
0 0
153
58 89
0 0
155
167 108
0 0
904
182 763
0 0
703
805 207
0 0
78
841 139
0 0
979
157 725
0 0
11
152 843
0 0
693
934 736
0 0
112
657 932
0 0
158
593 389
0 0
999
1 993
0 0
407
941 172
0 0
855
524 155
0 0
946
435 932
0 0
32
85 355
0 0
92
274 866
0 0
139
440 7
0 0
646
663 209
0 0
155
31 846
0 0
256
353 285
0 0
213
293 961
0 0
555
862 186
0 0
433
975 423
0 0
929
994 815
0 0
305
117 617
0 0
383
439 483
0 0
878
757 701
0 0
579
160 460
0 0
700
665 916
0 0
339
379 419
0 0
813
357 730
0 0
988
996 139
0 0
789
396 705
0 0
677
871 233
0 0
984
816 955
0 0
368
598 781
0 0
153
242 749
0 0
71
876 436
0 0
111
61 166
0 0
342
93 919
0 0
572
541 736
0 0
746
149 199
0 0
540
696 920
0 0
909
862 173
0 0
776
852 752
0 0
613
445 958
0 0
179
648 446
0 0
312
785 658
0 0
661
512 175
0 0
333
846 436
0 0
155
569 193
0 0
112
828 972
0 0
503
264 331
0 0
350
74 772
0 0
206
221 254
0 0
933
238 407
0 0
238
33 450
0 0
498
910 149
0 0
103
272 774
0 0
269
983 995
0 0
446
868 453
0 0
338
970 938
0 0
300
833 972
0 0
956
738 272
0 0
198
166 993
0 0
438
70 455
0 0
12
148 227
0 0
832
707 719
0 0
561
659 548
0 0
729
299 946
0 0
894
656 841
0 0
118
786 673
0 0
350
668 26
0 0
12
25 928
0 0
830
862 892
0 0
19
688 513
0 0
141
868 325
0 0
548
775 38
0 0
903
737 681
0 0
215
155 733
0 0
425
960 493
0 0
177
752 659
0 0
197
379 840
0 0
648
17 476
0 0
895
81 766
0 0
610
777 98
0 0
321
631 123
0 0
842
212 758
0 0
643
135 443
0 0
390
646 484
0 0
559
992 281
0 0
114
358 689
0 0
691
864 557
0 0
947
213 233
0 0
530
778 268
0 0
218
638 780
0 0
737
499 669
0 0
448
284 566
0 0
687
192 843
0 0
423
868 925
0 0
229
403 751
0 0
73
523 25
0 0
548
80 677
0 0
950
353 805
0 0
833
889 87
0 0
250
339 470
0 0
548
17 850
0 0
992
725 116
0 0
977
909 701
0 0
256
332 555
0 0
822
47 88
0 0
246
682 666
0 0
232
956 917
0 0
212
329 177
0 0
115
930 694
0 0
224
853 563
0 0
188
495 893
0 0
332
214 308
0 0
507
427 58
0 0
903
51 673
0 0
91
319 475
0 0
370
522 891
0 0
521
50 886
0 0
1
246 231
0 0
777
728 300
0 0
442
889 626
0 0
649
742 650
0 0
346
447 317
0 0
571
510 750
0 0
613
716 453
0 0
618
444 659
0 0
296
509 316
0 0
409
105 990
0 0
950
321 372
0 0
181
985 587
0 0
71
558 624
0 0
38
200 838
0 0
944
129 55
0 0
351
39 401
0 0
626
31 85
0 0
111
972 553
0 0
736
315 10
0 0
985
623 742
0 0
523
823 439
0 0
268
181 19
0 0
307
848 637
0 0
989
638 998
0 0
491
341 481
0 0
766
661 125
0 0
561
307 593
0 0
569
413 798
0 0
42
241 861
0 0
668
935 4
0 0
658
144 712
0 0
985
645 651
0 0
55
4 283
0 0
782
946 839
0 0
216
954 440
0 0
681
756 43
0 0
84
108 897
0 0
318
180 389
0 0
527
877 537
0 0
184
338 765
0 0
899
305 629
0 0
544
361 849
0 0
188
350 737
0 0
855
350 672
0 0
357
920 651
0 0
116
336 107
0 0
943
72 551
0 0
440
404 357
0 0
470
446 717
0 0
262
993 321
0 0
966
794 262
0 0
692
914 484
0 0
18
187 415
0 0
138
809 239
0 0
484
283 316
0 0
722
152 899
0 0
891
49 528
0 0
101
529 443
0 0
77
618 417
0 0
154
736 973
0 0
274
623 716
0 0
530
357 719
0 0
460
583 781
0 0
494
14 655
0 0
219
955 318
0 0
493
377 833
0 0
605
251 540
0 0
32
551 740
0 0
391
594 379
0 0
592
42 211
0 0
662
878 994
0 0
370
540 24
0 0
651
300 444
0 0
660
758 260
0 0
445
605 226
0 0
28
536 949
0 0
965
76 127
0 0
388
645 144
0 0
233
416 585
0 0
533
117 360
0 0
290
152 258
0 0
920
795 242
0 0
362
523 788
0 0
939
954 411
0 0
763
57 827
0 0
857
457 291
0 0
348
337 929
0 0
139
886 969
0 0
209
547 0
0 0
784
735 748
0 0
748
863 341
0 0
608
107 844
0 0
274
175 695
0 0
359
82 986
0 0
63
761 85
0 0
939
886 840
0 0
255
29 498
0 0
634
637 981
0 0
297
905 645
0 0
98
268 55
0 0
283
517 317
0 0
883
964 558
0 0
945
818 514
0 0
339
327 2
0 0
5
325 516
0 0
423
85 578
0 0
121
802 214
0 0
403
496 977
0 0
402
24 320
0 0
18
372 226
0 0
965
869 784
0 0
167
545 198
0 0
253
252 169
0 0
998
251 137
0 0
505
952 997
0 0
92
264 468
0 0
95
745 224
0 0
303
583 517
0 0
552
991 915
0 0
428
63 413
0 0
905
265 699
0 0
402
118 144
0 0
388
588 371
0 0
739
15 787
0 0
862
234 510
0 0
186
174 919
0 0
45
872 843
0 0
235
264 790
0 0
876
98 286
0 0
477
517 895
0 0
641
810 579
0 0
881
704 723
0 0
260
677 223
0 0
818
324 611
0 0
98
461 832
0 0
822
123 393
0 0
642
642 906
0 0
435
635 680
0 0
826
571 825
0 0
35
142 867
0 0
118
984 707
0 0
873
140 690
0 0
782
344 508
0 0
670
792 429
0 0
114
411 26
0 0
450
228 601
0 0
508
969 351
0 0
850
676 136
0 0
850
936 258
0 0
987
542 978
0 0
466
234 759
0 0
712
604 585
0 0
15
715 17
0 0
735
534 214
0 0
612
530 374
0 0
323
373 899
0 0
294
927 427
0 0
339
242 184
0 0
655
564 371
0 0
696
650 221
0 0
710
873 703
0 0
715
736 409
0 0
834
990 289
0 0
528
493 819
0 0
52
922 547
0 0
512
70 115
0 0
682
315 653
0 0
574
835 466
0 0
352
795 239
0 0
242
34 631
0 0
448
988 930
0 0
126
454 181
0 0
303
837 981
0 0
291
376 577
0 0
979
931 458
0 0
707
785 197
0 0
913
555 283
0 0
476
46 104
0 0
517
713 250
0 0
956
948 607
0 0
779
537 324
0 0
826
799 917
0 0
809
544 928
0 0
368
341 972
0 0
63
543 310
0 0
832
540 206
0 0
607
891 797
0 0
481
605 170
0 0
636
354 515
0 0
454
907 332
0 0
365
968 742
0 0
166
847 857
0 0
690
515 515
0 0
663
13 787
0 0
763
248 535
0 0
860
25 939
0 0
994
873 894
0 0
533
182 866
0 0
201
369 70
0 0
818
211 206
0 0
128
193 698
0 0
738
99 317
0 0
365
795 221
0 0
660
66 706
0 0
415
575 506
0 0
618
477 56
0 0
96
202 538
0 0
622
825 369
0 0
948
925 585
0 0
831
914 221
0 0
565
975 526
0 0
801
788 735
0 0
630
925 233
0 0
978
735 832
0 0
325
532 474
0 0
293
412 838
0 0
582
71 985
0 0
803
14 218
0 0
335
460 410
0 0
225
155 262
0 0
273
477 228
0 0
355
767 747
0 0
249
437 658
0 0
511
541 222
0 0
678
300 767
0 0
87
731 899
0 0
863
279 908
0 0
645
272 970
0 0
59
107 633
0 0
240
796 876
0 0
748
858 345
0 0
816
955 537
0 0
28
699 555
0 0
859
169 751
0 0
557
142 924
0 0
482
435 519
0 0
570
177 809
0 0
875
94 157
0 0
21
868 492
0 0
605
291 337
0 0
453
930 637
0 0
908
14 117
0 0
568
852 605
0 0
799
910 546
0 0
125
246 563
0 0
687
99 217
0 0
98
999 70
0 0
386
658 841
0 0
898
408 417
0 0
295
907 895
0 0
741
511 359
0 0
654
254 358
0 0
161
427 456
0 0
749
494 359
0 0
615
761 330
0 0
629
124 7
0 0
524
110 835
0 0
92
796 388
0 0
513
371 240
0 0
851
268 73
0 0
143
567 707
0 0
664
861 741
0 0
599
975 939
0 0
54
467 969
0 0
421
325 646
0 0
910
235 570
0 0
501
776 464
0 0
430
709 19
0 0
293
676 920
0 0
334
29 233
0 0
477
458 679
0 0
705
201 541
0 0
462
144 995
0 0
101
627 992
0 0
611
59 554
0 0
806
546 36
0 0
784
73 987
0 0
318
706 566
0 0
63
410 718
0 0
310
737 356
0 0
753
955 345
0 0
968
23 844
0 0
22
978 272
0 0
941
756 450
0 0
50
763 217
0 0
24
184 138
0 0
428
690 536
0 0
298
559 257
0 0
867
761 750
0 0
439
288 460
0 0
323
438 585
0 0
638
106 290
0 0
64
623 769
0 0
6
943 392
0 0
149
36 136
0 0
47
638 513
0 0
731
712 191
0 0
645
893 327
0 0
953
256 651
0 0
952
202 164
0 0
358
435 42
0 0
50
212 664
0 0
946
104 700
0 0
933
492 636
0 0
287
560 375
0 0
130
292 951
0 0
608
523 456
0 0
931
687 724
0 0
794
280 769
0 0
307
412 385
0 0
222
983 639
0 0
657
558 952
0 0
612
69 157
0 0
438
321 96
0 0
482
797 670
0 0
548
566 881
0 0
312
352 547
0 0
333
971 105
0 0
947
853 928
0 0
548
901 601
0 0
488
187 447
0 0
787
944 562
0 0
243
376 706
0 0
318
35 817
0 0
641
821 926
0 0
314
785 459
0 0
228
270 313
0 0
730
714 119
0 0
461
256 344
0 0
86
623 538
0 0
165
371 773
0 0
589
675 985
0 0
194
339 511
0 0
949
282 291
0 0
290
421 282
0 0
384
478 302
0 0
296
248 694
0 0
410
519 924
0 0
913
898 13
0 0
277
367 734
0 0
443
66 740
0 0
893
320 577
0 0
90
33 92
0 0
85
501 629
0 0
452
53 492
0 0
210
758 991
0 0
647
175 156
0 0
642
900 851
0 0
971
988 567
0 0
132
158 752
0 0
899
393 523
0 0
878
146 182
0 0
534
683 272
0 0
150
92 41
0 0
704
533 384
0 0
930
298 206
0 0
122
730 568
0 0
375
472 459
0 0
157
576 706
0 0
948
493 396
0 0
818
67 729
0 0
98
349 491
0 0
553
662 696
0 0
544
214 303
0 0
843
759 375
0 0
710
358 68
0 0
235
845 249
0 0
633
57 206
0 0
511
950 2
0 0
354
919 17
0 0
36
228 443
0 0
702
377 123
0 0
814
739 979
0 0
735
380 988
0 0
911
16 740
0 0
438
769 657
0 0
431
777 361
0 0
981
682 89
0 0
734
977 456
0 0
600
993 39
0 0
191
418 724
0 0
71
517 242
0 0
980
845 18
0 0
606
193 494
0 0
353
253 86
0 0
188
176 108
0 0
749
389 99
0 0
660
982 522
0 0
832
5 642
0 0
555
895 839
0 0
873
483 533
0 0
896
215 880
0 0
191
915 821
0 0
408
136 795
0 0
522
517 572
0 0
230
470 432
0 0
617
619 379
0 0
358
968 429
0 0
823
542 964
0 0
587
40 449
0 0
351
859 786
0 0
794
50 599
0 0
999
457 846
0 0
51
2 614
0 0
212
630 105
0 0
182
942 660
0 0
429
829 681
0 0
499
230 560
0 0
696
160 86
0 0
176
225 514
0 0
326
233 629
0 0
441
526 280
0 0
421
725 29
0 0
223
777 870
0 0
844
899 707
0 0
531
387 155
0 0
431
421 583
0 0
385
521 617
0 0
367
757 259
0 0
116
142 64
0 0
427
494 338
0 0
863
307 954
0 0
313
198 855
0 0
64
482 736
0 0
760
542 22
0 0
699
118 208
0 0
